10.021896                      
10.052449                      
10.084843                      
10.117960                      
10.156939                      
10.198485                      
10.245555                      
10.294690                      
10.351534                      
10.416296                      
10.486566                      
10.574407                      
10.670577                      
10.782760                      
10.918315                      
11.077622                      
11.282590                      
11.527810                      
11.858933                      
12.310501                      
12.941329                      
14.008616                      
16.038769                      
21.652608                      
118.569160                      
965.048724                      
1836.022013                      
2663.127260                      
3430.036357                      
4145.933613                      
4816.630460                      
5453.931467                      
6046.968891                      
6612.789617                      
7140.204759                      
7628.239298                      
8096.619322                      
8551.565762                      
8980.645653                      
9378.172991                      
9752.232863                      
10117.290241                      
10463.529911                      
10789.609783                      
11103.212244                      
11408.726949                      
11705.137821                      
11977.349583                      
12238.389729                      
12493.235348                      
12506.444404                      
12506.444404                      
12506.444404                      
12506.444404                      
12506.444404                      
12506.444404                      
12506.444404                      
12506.444404                      
12506.444404                      
12506.444404                      
12506.444404                      
12506.444404                      
12506.444404                      
12506.444404                      
12506.444404                      
12506.444404                      
12506.444404                      
12506.444404                      
12506.444404                      
12506.444404                      
12506.444404                      
12506.444404                      
12506.444404                      
12506.444404                      
12506.444404                      
12506.444404                      
12506.444404                      
12506.444404                      
12506.444404                      
12506.444404                      
12506.444404                      
12506.444404                      
12506.444404                      
12506.444404                      
12506.444404                      
12506.444404                      
12506.444404                      
12506.444404                      
12506.444404                      
12506.444404                      
12506.444404                      
12506.444404                      
12506.444404                      
12506.444404                      
12506.444404                      
12506.444404                      
12506.444404                      
12506.444404                      
12506.444404                      
12506.444404                      
12506.444404                      
