10.023590                      
10.087467                      
10.133572                      
10.187440                      
10.259894                      
10.334336                      
10.431152                      
10.542124                      
10.669484                      
10.842917                      
11.093310                      
11.411027                      
12.021064                      
13.442827                      
37.709916                      
224.381076                      
503.284656                      
935.362999                      
1227.679423                      
1435.296462                      
1555.094492                      
1627.403867                      
1706.572802                      
1679.231685                      
1957.380782                      
2766.861126                      
3511.945435                      
4328.474801                      
4915.813622                      
5712.506612                      
6198.424708                      
6858.260795                      
7426.663282                      
7878.666611                      
8410.795904                      
8885.975607                      
9417.047076                      
9715.984800                      
10113.906645                      
10451.474420                      
11182.155118                      
11496.427170                      
11773.275387                      
12065.458794                      
12338.306667                      
12624.303943                      
12910.197685                      
13147.378701                      
13364.096503                      
13391.462118                      
13391.462118                      
13391.462118                      
13391.462118                      
13391.462118                      
13391.462118                      
13391.462118                      
13391.462118                      
13391.462118                      
13391.462118                      
13391.462118                      
13391.462118                      
13391.462118                      
13391.462118                      
13391.462118                      
13391.462118                      
13391.462118                      
13391.462118                      
13391.462118                      
13391.462118                      
13391.462118                      
13391.462118                      
13391.462118                      
13391.462118                      
13391.462118                      
13391.462118                      
13391.462118                      
13391.462118                      
13391.462118                      
13391.462118                      
13391.462118                      
13391.462118                      
13391.462118                      
13391.462118                      
13391.462118                      
13391.462118                      
13391.462118                      
13391.462118                      
13391.462118                      
13391.462118                      
13391.462118                      
13391.462118                      
13391.462118                      
13391.462118                      
13391.462118                      
13391.462118                      
13391.462118                      
13391.462118                      
13391.462118                      
13391.462118                      
13391.462118                      
