 10.059336                      
 10.197982                      
 10.342655                      
 10.422501                      
 10.598900                      
 10.768555                      
 10.973306                      
 11.168604                      
 11.432461                      
 11.725314                      
 12.103162                      
 12.507588                      
 13.035698                      
 13.714942                      
 14.564872                      
 15.727807                      
 17.804689                      
 21.870218                      
 40.238613                      
 587.311644                      
 1647.477146                      
 731.910893                      
 3643.915888                      
 4574.935913                      
 5453.726662                      
 6161.386375                      
 6830.743822                      
 7511.151410                      
 8087.778856                      
 6440.263982                      
 9201.254800                      
 9686.749708                      
 10156.874808                      
 10606.999677                      
 11009.730611                      
 11402.853935                      
 11777.219204                      
 12117.100927                      
 12438.389691                      
 12782.714655                      
 13060.275490                      
 13334.925040                      
 13650.353603                      
 13849.731415                      
 14138.330455                      
 14378.597538                      
 14585.428264                      
 14803.895780                      
 15038.189018                      
 15184.620114                      
 3377.501050                      
 3377.501050                      
 3377.501050                      
 3377.501050                      
 3377.501050                      
 3377.501050                      
 3377.501050                      
 3377.501050                      
 3377.501050                      
 3377.501050                      
 3377.501050                      
 3377.501050                      
 3377.501050                      
 3377.501050                      
 3377.501050                      
 3377.501050                      
 3377.501050                      
 3377.501050                      
 3377.501050                      
 3377.501050                      
 3377.501050                      
 3377.501050                      
 3377.501050                      
 3377.501050                      
 3377.501050                      
 3377.501050                      
 3377.501050                      
 3377.501050                      
 3377.501050                      
 3377.501050                      
 3377.501050                      
 3377.501050                      
 3377.501050                      
 3377.501050                      
 3377.501050                      
 3377.501050                      
 3377.501050                      
 3377.501050                      
 3377.501050                      
 3377.501050                      
 3377.501050                      
 3377.501050                      
 3377.501050                      
 3377.501050                      
 3377.501050                      
 3377.501050                      
 3377.501050                      
 3377.501050                      
 3377.501050                      
 3377.501050                      
 3377.501050                      
