10.037518                      
10.122266                      
10.191349                      
10.272722                      
10.386582                      
10.525374                      
10.707072                      
10.947603                      
11.308650                      
11.912477                      
13.162369                      
19.849119                      
470.793886                      
1135.806223                      
1560.791361                      
1924.438818                      
2168.961289                      
2323.547577                      
2403.022725                      
2427.822500                      
2431.889252                      
2649.718751                      
2850.377188                      
3024.148644                      
3224.949084                      
3970.748189                      
4740.128734                      
5431.692761                      
6100.705116                      
6720.298472                      
7284.874155                      
7849.457012                      
8369.709591                      
8867.014744                      
9326.184506                      
9753.463538                      
10165.363235                      
10567.478987                      
10943.555010                      
11292.305163                      
11619.184904                      
11941.776072                      
12242.850560                      
12530.255802                      
12808.650302                      
13078.841044                      
13344.509658                      
13585.811466                      
13813.526959                      
14036.124094                      
14047.614999                      
14047.614999                      
14047.614999                      
14047.614999                      
14047.614999                      
14047.614999                      
14047.614999                      
14047.614999                      
14047.614999                      
14047.614999                      
14047.614999                      
14047.614999                      
14047.614999                      
14047.614999                      
14047.614999                      
14047.614999                      
14047.614999                      
14047.614999                      
14047.614999                      
14047.614999                      
14047.614999                      
14047.614999                      
14047.614999                      
14047.614999                      
14047.614999                      
14047.614999                      
14047.614999                      
14047.614999                      
14047.614999                      
14047.614999                      
14047.614999                      
14047.614999                      
14047.614999                      
14047.614999                      
14047.614999                      
14047.614999                      
14047.614999                      
14047.614999                      
14047.614999                      
14047.614999                      
14047.614999                      
14047.614999                      
14047.614999                      
14047.614999                      
14047.614999                      
14047.614999                      
14047.614999                      
14047.614999                      
14047.614999                      
14047.614999                      
14047.614999                      
