11.622217                      
11.725914                      
11.919454                      
12.013217                      
12.240710                      
12.476413                      
12.746440                      
13.079727                      
13.491599                      
13.972941                      
14.646842                      
15.513422                      
16.769043                      
19.015357                      
27.001497                      
396.716071                      
1288.703683                      
2235.207543                      
3225.852445                      
4298.846077                      
5313.638262                      
6187.085465                      
7028.234288                      
7786.724219                      
8421.192449                      
9105.941432                      
9642.310046                      
10226.481401                      
10764.588505                      
11150.244899                      
11689.005377                      
12086.625420                      
12462.923480                      
12822.866778                      
13172.073916                      
13528.530198                      
13844.505183                      
14162.230636                      
14385.955546                      
14744.566132                      
14939.138434                      
15186.644363                      
15408.001078                      
15638.974256                      
15835.129662                      
16002.665624                      
16227.189777                      
16376.666940                      
16602.746272                      
16746.392815                      
16743.396258                      
16743.396258                      
16743.396258                      
16743.396258                      
16743.396258                      
16743.396258                      
16743.396258                      
16743.396258                      
16743.396258                      
16743.396258                      
16743.396258                      
16743.396258                      
16743.396258                      
16743.396258                      
16743.396258                      
16743.396258                      
16743.396258                      
16743.396258                      
16743.396258                      
16743.396258                      
16743.396258                      
16743.396258                      
16743.396258                      
16743.396258                      
16743.396258                      
16743.396258                      
16743.396258                      
16743.396258                      
16743.396258                      
16743.396258                      
16743.396258                      
16743.396258                      
16743.396258                      
16743.396258                      
16743.396258                      
16743.396258                      
16743.396258                      
16743.396258                      
16743.396258                      
16743.396258                      
16743.396258                      
16743.396258                      
16743.396258                      
16743.396258                      
16743.396258                      
16743.396258                      
16743.396258                      
16743.396258                      
16743.396258                      
16743.396258                      
16743.396258                      
