16.212009                      
16.467186                      
16.881135                      
17.548732                      
19.036757                      
27.165277                      
929.433240                      
1715.057942                      
3498.811114                      
5326.360355                      
6648.696897                      
7597.465761                      
8210.495239                      
8706.178781                      
9496.024247                      
10167.402896                      
10676.594360                      
11100.403439                      
11719.270674                      
12362.744569                      
13045.366019                      
13609.039140                      
14140.113306                      
14602.269155                      
15021.746285                      
15333.959140                      
15750.121780                      
16047.734908                      
16388.323078                      
16679.582907                      
16926.532155                      
17236.368853                      
17424.891922                      
17662.948937                      
17897.127599                      
18069.932017                      
18243.998280                      
18444.825119                      
18629.542109                      
18780.414497                      
18947.984653                      
19065.395825                      
19199.032759                      
19344.357211                      
19453.798943                      
19580.106871                      
19673.812340                      
19828.455071                      
19937.009386                      
20010.576368                      
20037.132343                      
20037.132343                      
20037.132343                      
20037.132343                      
20037.132343                      
20037.132343                      
20037.132343                      
20037.132343                      
20037.132343                      
20037.132343                      
20037.132343                      
20037.132343                      
20037.132343                      
20037.132343                      
20037.132343                      
20037.132343                      
20037.132343                      
20037.132343                      
20037.132343                      
20037.132343                      
20037.132343                      
20037.132343                      
20037.132343                      
20037.132343                      
20037.132343                      
20037.132343                      
20037.132343                      
20037.132343                      
20037.132343                      
20037.132343                      
20037.132343                      
20037.132343                      
20037.132343                      
20037.132343                      
20037.132343                      
20037.132343                      
20037.132343                      
20037.132343                      
20037.132343                      
20037.132343                      
20037.132343                      
20037.132343                      
20037.132343                      
20037.132343                      
20037.132343                      
20037.132343                      
20037.132343                      
20037.132343                      
20037.132343                      
20037.132343                      
20037.132343                      
