11.586549                      
11.700861                      
11.807673                      
11.961184                      
12.176084                      
12.455095                      
12.876730                      
13.630545                      
15.836534                      
266.352255                      
696.903951                      
1082.445329                      
1739.537455                      
2264.312407                      
2541.982092                      
2655.864609                      
2776.806579                      
3607.380371                      
3628.855406                      
4301.862729                      
4282.526602                      
5345.540607                      
6329.661277                      
6046.924592                      
5552.412488                      
6459.853584                      
7039.486742                      
7756.015807                      
8707.505628                      
9649.765818                      
10379.554153                      
10903.029123                      
9723.321837                      
11365.536813                      
11298.605234                      
11628.993943                      
12333.259387                      
12089.976526                      
12611.935494                      
13385.924638                      
13715.840392                      
13324.889004                      
14649.509132                      
14224.675597                      
14805.455282                      
14112.534517                      
14797.822034                      
15641.526671                      
15329.318628                      
16071.812666                      
15464.381977                      
15464.381977                      
15464.381977                      
15464.381977                      
15464.381977                      
15464.381977                      
15464.381977                      
15464.381977                      
15464.381977                      
15464.381977                      
15464.381977                      
15464.381977                      
15464.381977                      
15464.381977                      
15464.381977                      
15464.381977                      
15464.381977                      
15464.381977                      
15464.381977                      
15464.381977                      
15464.381977                      
15464.381977                      
15464.381977                      
15464.381977                      
15464.381977                      
15464.381977                      
15464.381977                      
15464.381977                      
15464.381977                      
15464.381977                      
15464.381977                      
15464.381977                      
15464.381977                      
15464.381977                      
15464.381977                      
15464.381977                      
15464.381977                      
15464.381977                      
15464.381977                      
15464.381977                      
15464.381977                      
15464.381977                      
15464.381977                      
15464.381977                      
15464.381977                      
15464.381977                      
15464.381977                      
15464.381977                      
15464.381977                      
15464.381977                      
15464.381977                      
