12.400953                      
12.581521                      
12.831324                      
13.053572                      
13.446110                      
13.933723                      
14.626604                      
15.852143                      
19.919656                      
313.097975                      
1332.632992                      
2022.572301                      
2931.977568                      
3880.216880                      
4816.017398                      
5577.460478                      
6279.714092                      
6992.780608                      
7734.517788                      
8691.747804                      
9457.993800                      
10048.022731                      
10655.330892                      
11317.188442                      
11810.455755                      
12468.743241                      
12807.679164                      
13281.693276                      
13655.466754                      
14060.135921                      
14394.432352                      
14807.131652                      
15043.528015                      
15366.107128                      
15706.196397                      
15891.413966                      
16203.881571                      
16425.202793                      
16570.579723                      
16911.487701                      
16987.545691                      
17152.495558                      
17425.944740                      
17604.136659                      
17732.345619                      
17869.080222                      
18039.160668                      
18178.102441                      
18327.429043                      
18403.895843                      
18468.204901                      
18468.204901                      
18468.204901                      
18468.204901                      
18468.204901                      
18468.204901                      
18468.204901                      
18468.204901                      
18468.204901                      
18468.204901                      
18468.204901                      
18468.204901                      
18468.204901                      
18468.204901                      
18468.204901                      
18468.204901                      
18468.204901                      
18468.204901                      
18468.204901                      
18468.204901                      
18468.204901                      
18468.204901                      
18468.204901                      
18468.204901                      
18468.204901                      
18468.204901                      
18468.204901                      
18468.204901                      
18468.204901                      
18468.204901                      
18468.204901                      
18468.204901                      
18468.204901                      
18468.204901                      
18468.204901                      
18468.204901                      
18468.204901                      
18468.204901                      
18468.204901                      
18468.204901                      
18468.204901                      
18468.204901                      
18468.204901                      
18468.204901                      
18468.204901                      
18468.204901                      
18468.204901                      
18468.204901                      
18468.204901                      
18468.204901                      
18468.204901                      
